Rene
10;10;10;10;10;0;0;0;0;0;0;0;0;0;0;10;10;10;0;0;0;10;10;10;10;0;0;10;10;10;0

Oliver
10;10;0;10;10;10;10;0;10;0;10;0;10;10;10;10;0;10;10;10;10;10;10;10;10;10;10;10;10;10;10

Jonas
10;0;0;0;10;10;10;10;10;10;10;10;10;10;10;0;0;0;10;10;10;10;10;10;10;10;10;10;10;10;10

Norman
10;10;10;10;0;0;10;0;0;0;0;0;0;0;0;0;10;0;0;0;10;0;0;10;10;0;0;10;10;0;10

Stefan
10;10;10;10;10;10;10;10;0;0;0;10;10;10;10;10;10;10;10;10;10;10;0;0;0;10;10;10;10;10;10

Jan
10;10;0;0;10;10;10;10;10;0;0;10;10;0;0;0;0;0;10;10;10;10;10;0;0;10;10;10;10;10;0

Lars
0;0;0;0;10;0;10;0;0;10;0;10;0;10;0;0;10;0;0;0;10;0;0;10;0;10;0;0;0;0;10

